1 000 00A01006 00000000 00000006 00000000 00000000 00000000 00000000 00000000 00000000 00000000 00000000 00000000 00000000 00000000 00000000 00000000 00000000
2 001 00701018 00000000 00000018 00000000 00000000 00000000 00000000 00000000 00000000 00000000 00000000 00000006 00000000 00000000 00000000 00000000 00000000
3 002 147A0000 00000000 00000000 00000000 00000000 00000000 00000000 00000000 00000018 00000000 00000000 00000006 00000000 00000000 00000000 00000000 00000000
4 003 00B0100D 00000000 0000000D 00000000 00000000 00000000 00000000 00000000 00000018 00000000 00000000 00000006 00000000 00000000 00000000 00000000 00000000
5 004 00701003 00000000 00000003 00000000 00000000 00000000 00000000 00000000 00000018 00000000 00000000 00000006 0000000D 00000000 00000000 00000000 00000000
6 005 147B0000 00000000 00000000 00000000 00000000 00000000 00000000 00000000 00000003 00000000 00000000 00000006 0000000D 00000000 00000000 00000000 00000000
7 006 00C0100C 00000000 0000000C 00000000 00000000 00000000 00000000 00000000 00000003 00000000 00000000 00000006 0000000D 00000000 00000000 00000000 00000000
8 007 00701000 00000000 00000000 00000000 00000000 00000000 00000000 00000000 00000003 00000000 00000000 00000006 0000000D 0000000C 00000000 00000000 00000000
9 008 147C0000 00000000 00000000 00000000 00000000 00000000 00000000 00000000 00000000 00000000 00000000 00000006 0000000D 0000000C 00000000 00000000 00000000
10 009 0040100B 00000000 0000000B 00000000 00000000 00000000 00000000 00000000 00000000 00000000 00000000 00000006 0000000D 0000000C 00000000 00000000 00000000
11 00A 00701001 00000000 00000001 00000000 00000000 0000000B 00000000 00000000 00000000 00000000 00000000 00000006 0000000D 0000000C 00000000 00000000 00000000
12 00B 14740000 00000000 00000000 00000000 00000000 0000000B 00000000 00000000 00000001 00000000 00000000 00000006 0000000D 0000000C 00000000 00000000 00000000
13 00C 00501000 00000000 00000000 00000000 00000000 0000000B 00000000 00000000 00000001 00000000 00000000 00000006 0000000D 0000000C 00000000 00000000 00000000
14 00D 14750000 00000000 00000000 00000000 00000000 0000000B 00000000 00000000 00000001 00000000 00000000 00000006 0000000D 0000000C 00000000 00000000 00000000
15 00E 00301000 00000000 00000000 00000000 00000000 0000000B 00000000 00000000 00000001 00000000 00000000 00000006 0000000D 0000000C 00000000 00000000 00000000
16 00F 00201000 00000000 00000000 00000000 00000000 0000000B 00000000 00000000 00000001 00000000 00000000 00000006 0000000D 0000000C 00000000 00000000 00000000
17 018 00801004 00000000 00000004 00000000 00000000 0000000B 00000000 00000000 00000001 00000000 00000000 00000006 0000000D 0000000C 00000000 00000000 00000000
19 01B 00701003 00000000 00000003 00000000 00000000 0000000B 00000000 00000000 00000001 00000004 00000000 00000006 0000000D 0000000C 00000000 00000000 00000000
20 01C 00901000 00000000 00000000 00000000 00000000 0000000B 00000000 00000000 00000003 00000004 00000000 00000006 0000000D 0000000C 00000000 00000000 00000000
21 01D 14970000 00000000 00000000 00000000 00000000 0000000B 00000000 00000000 00000003 00000004 00000000 00000006 0000000D 0000000C 00000000 00000000 00000000
22 01E 12000000 00000000 00000000 00000000 00000000 0000000B 00000000 00000000 00000003 00000004 00000000 00000006 0000000D 0000000C 00000000 00000000 00000000
23 010 00601004 00000000 00000004 00000000 00000000 0000000B 00000000 00000000 00000003 00000004 00000000 00000006 0000000D 0000000C 00000000 00000000 00000000
24 011 00221001 00000000 00000001 00000000 00000000 0000000B 00000000 00000004 00000003 00000004 00000000 00000006 0000000D 0000000C 00000000 00000000 00000000
25 018 00801004 00000000 00000004 00000001 00000000 0000000B 00000000 00000004 00000003 00000004 00000000 00000006 0000000D 0000000C 00000000 00000000 00000000
27 01B 00701003 00000000 00000003 00000001 00000000 0000000B 00000000 00000004 00000003 00000004 00000000 00000006 0000000D 0000000C 00000000 00000000 00000000
28 01C 00901000 00000000 00000000 00000001 00000000 0000000B 00000000 00000004 00000003 00000004 00000000 00000006 0000000D 0000000C 00000000 00000000 00000000
29 01D 14970000 00000000 00000000 00000001 00000000 0000000B 00000000 00000004 00000003 00000004 00000000 00000006 0000000D 0000000C 00000000 00000000 00000000
30 01E 12000000 00000000 00000000 00000001 00000000 0000000B 00000000 00000004 00000003 00000004 00000000 00000006 0000000D 0000000C 00000000 00000000 00000000
32 014 0A100100 00000000 00000017 00000001 00000000 0000000B 00000000 00000004 00000003 00000004 00000000 00000006 0000000D 0000000C 00000000 00000000 00000000
34 018 00801004 00000000 00000012 00000001 00000000 0000000B 00000000 00000004 00000003 00000004 00000000 00000006 0000000D 0000000C 00000000 00000000 00000000
35 018 00801004 00000000 00000004 00000001 00000000 0000000B 00000000 00000004 00000003 00000004 00000000 00000006 0000000D 0000000C 00000000 00000000 00000000
37 01B 00701003 00000000 00000003 00000001 00000000 0000000B 00000000 00000004 00000003 00000004 00000000 00000006 0000000D 0000000C 00000000 00000000 00000000
38 01C 00901000 00000000 00000000 00000001 00000000 0000000B 00000000 00000004 00000003 00000004 00000000 00000006 0000000D 0000000C 00000000 00000000 00000000
39 01D 14970000 00000000 00000000 00000001 00000000 0000000B 00000000 00000004 00000003 00000004 00000000 00000006 0000000D 0000000C 00000000 00000000 00000000
40 01E 12000000 00000000 00000000 00000001 00000000 0000000B 00000000 00000004 00000003 00000004 00000000 00000006 0000000D 0000000C 00000000 00000000 00000000
41 018 00801004 00000000 00000004 00000001 00000000 0000000B 00000000 00000004 00000003 00000004 00000000 00000006 0000000D 0000000C 00000000 00000000 00000000
43 01B 00701003 00000000 00000003 00000001 00000000 0000000B 00000000 00000004 00000003 00000004 00000000 00000006 0000000D 0000000C 00000000 00000000 00000000
44 01C 00901000 00000000 00000000 00000001 00000000 0000000B 00000000 00000004 00000003 00000004 00000000 00000006 0000000D 0000000C 00000000 00000000 00000000
45 01D 14970000 00000000 00000000 00000001 00000000 0000000B 00000000 00000004 00000003 00000004 00000000 00000006 0000000D 0000000C 00000000 00000000 00000000
46 01E 12000000 00000000 00000000 00000001 00000000 0000000B 00000000 00000004 00000003 00000004 00000000 00000006 0000000D 0000000C 00000000 00000000 00000000
47 016 15000000 00000000 00000000 00000001 00000000 0000000B 00000000 00000004 00000003 00000004 00000000 00000006 0000000D 0000000C 00000000 00000000 00000000
