00000054 00010001
00000078 00000000
00000082 00020001
00000097 00010001
000000A1 00030002
000000C0 00010001
000000E4 00000000
000000EE 00020001
000000F8 00040003
00000121 00010001
00000145 00000000
0000014F 00020001
00000164 00010001
0000016E 00030002
00000178 00050005
000001BA 00010001
000001CF 00000000
000001D9 00020001
000001EE 00010001
00000207 00030002
00000226 00010001
0000023B 00000000
00000245 00020001
0000024F 00040003
00000268 00060008
000002A5 00010001
000002BA 00000000
000002D3 00020001
000002E8 00010001
000002F2 00030002
00000311 00010001
00000335 00000000
0000033F 00020001
00000349 00040003
00000372 00010001
00000387 00000000
00000391 00020001
000003A6 00010001
000003B0 00030002
000003BA 00050005
000003C4 0007000D
